0.000035	0.000059	0.000095	0.000145	0.000208	0.000282	0.000362	0.000440	0.000505	0.000549	0.000564	0.000549	0.000505	0.000440	0.000362	0.000282	0.000208	0.000145	0.000095	0.000059	0.000035	
0.000059	0.000101	0.000162	0.000245	0.000352	0.000478	0.000614	0.000745	0.000856	0.000931	0.000957	0.000931	0.000856	0.000745	0.000614	0.000478	0.000352	0.000245	0.000162	0.000101	0.000059	
0.000095	0.000162	0.000259	0.000393	0.000564	0.000766	0.000984	0.001195	0.001373	0.001492	0.001534	0.001492	0.001373	0.001195	0.000984	0.000766	0.000564	0.000393	0.000259	0.000162	0.000095	
0.000145	0.000245	0.000393	0.000597	0.000856	0.001162	0.001492	0.001813	0.002083	0.002264	0.002328	0.002264	0.002083	0.001813	0.001492	0.001162	0.000856	0.000597	0.000393	0.000245	0.000145	
0.000208	0.000352	0.000564	0.000856	0.001229	0.001668	0.002141	0.002601	0.002989	0.003248	0.003340	0.003248	0.002989	0.002601	0.002141	0.001668	0.001229	0.000856	0.000564	0.000352	0.000208	
0.000282	0.000478	0.000766	0.001162	0.001668	0.002264	0.002907	0.003531	0.004057	0.004409	0.004533	0.004409	0.004057	0.003531	0.002907	0.002264	0.001668	0.001162	0.000766	0.000478	0.000282	
0.000362	0.000614	0.000984	0.001492	0.002141	0.002907	0.003732	0.004533	0.005209	0.005662	0.005821	0.005662	0.005209	0.004533	0.003732	0.002907	0.002141	0.001492	0.000984	0.000614	0.000362	
0.000440	0.000745	0.001195	0.001813	0.002601	0.003531	0.004533	0.005506	0.006327	0.006877	0.007070	0.006877	0.006327	0.005506	0.004533	0.003531	0.002601	0.001813	0.001195	0.000745	0.000440	
0.000505	0.000856	0.001373	0.002083	0.002989	0.004057	0.005209	0.006327	0.007270	0.007901	0.008124	0.007901	0.007270	0.006327	0.005209	0.004057	0.002989	0.002083	0.001373	0.000856	0.000505	
0.000549	0.000931	0.001492	0.002264	0.003248	0.004409	0.005662	0.006877	0.007901	0.008588	0.008830	0.008588	0.007901	0.006877	0.005662	0.004409	0.003248	0.002264	0.001492	0.000931	0.000549	
0.000564	0.000957	0.001534	0.002328	0.003340	0.004533	0.005821	0.007070	0.008124	0.008830	0.009079	0.008830	0.008124	0.007070	0.005821	0.004533	0.003340	0.002328	0.001534	0.000957	0.000564	
0.000549	0.000931	0.001492	0.002264	0.003248	0.004409	0.005662	0.006877	0.007901	0.008588	0.008830	0.008588	0.007901	0.006877	0.005662	0.004409	0.003248	0.002264	0.001492	0.000931	0.000549	
0.000505	0.000856	0.001373	0.002083	0.002989	0.004057	0.005209	0.006327	0.007270	0.007901	0.008124	0.007901	0.007270	0.006327	0.005209	0.004057	0.002989	0.002083	0.001373	0.000856	0.000505	
0.000440	0.000745	0.001195	0.001813	0.002601	0.003531	0.004533	0.005506	0.006327	0.006877	0.007070	0.006877	0.006327	0.005506	0.004533	0.003531	0.002601	0.001813	0.001195	0.000745	0.000440	
0.000362	0.000614	0.000984	0.001492	0.002141	0.002907	0.003732	0.004533	0.005209	0.005662	0.005821	0.005662	0.005209	0.004533	0.003732	0.002907	0.002141	0.001492	0.000984	0.000614	0.000362	
0.000282	0.000478	0.000766	0.001162	0.001668	0.002264	0.002907	0.003531	0.004057	0.004409	0.004533	0.004409	0.004057	0.003531	0.002907	0.002264	0.001668	0.001162	0.000766	0.000478	0.000282	
0.000208	0.000352	0.000564	0.000856	0.001229	0.001668	0.002141	0.002601	0.002989	0.003248	0.003340	0.003248	0.002989	0.002601	0.002141	0.001668	0.001229	0.000856	0.000564	0.000352	0.000208	
0.000145	0.000245	0.000393	0.000597	0.000856	0.001162	0.001492	0.001813	0.002083	0.002264	0.002328	0.002264	0.002083	0.001813	0.001492	0.001162	0.000856	0.000597	0.000393	0.000245	0.000145	
0.000095	0.000162	0.000259	0.000393	0.000564	0.000766	0.000984	0.001195	0.001373	0.001492	0.001534	0.001492	0.001373	0.001195	0.000984	0.000766	0.000564	0.000393	0.000259	0.000162	0.000095	
0.000059	0.000101	0.000162	0.000245	0.000352	0.000478	0.000614	0.000745	0.000856	0.000931	0.000957	0.000931	0.000856	0.000745	0.000614	0.000478	0.000352	0.000245	0.000162	0.000101	0.000059	
0.000035	0.000059	0.000095	0.000145	0.000208	0.000282	0.000362	0.000440	0.000505	0.000549	0.000564	0.000549	0.000505	0.000440	0.000362	0.000282	0.000208	0.000145	0.000095	0.000059	0.000035	

0.062177	0.105399	0.169013	0.256376	0.367879	0.499352	0.641180	0.778801	0.894839	0.972604	

0.299910	0.350661	0.397353	0.437991	0.471448	0.497504	0.516700	0.530077	0.538897	0.544396	0.547641	0.544396	0.538897	0.530077	0.516700	0.497504	0.471448	0.437991	0.397353	0.350661	0.299910	
0.350661	0.409999	0.464593	0.512107	0.551225	0.581691	0.604135	0.619776	0.630088	0.636518	0.640312	0.636518	0.630088	0.619776	0.604135	0.581691	0.551225	0.512107	0.464593	0.409999	0.350661	
0.397353	0.464593	0.526456	0.580297	0.624625	0.659147	0.684579	0.702303	0.713988	0.721275	0.725573	0.721275	0.713988	0.702303	0.684579	0.659147	0.624625	0.580297	0.526456	0.464593	0.397353	
0.437991	0.512107	0.580297	0.639645	0.688506	0.726558	0.754592	0.774129	0.787008	0.795040	0.799778	0.795040	0.787008	0.774129	0.754592	0.726558	0.688506	0.639645	0.580297	0.512107	0.437991	
0.471448	0.551225	0.624625	0.688506	0.741098	0.782058	0.812233	0.833262	0.847125	0.855771	0.860871	0.855771	0.847125	0.833262	0.812233	0.782058	0.741098	0.688506	0.624625	0.551225	0.471448	
0.497504	0.581691	0.659147	0.726558	0.782058	0.825281	0.857124	0.879315	0.893944	0.903068	0.908450	0.903068	0.893944	0.879315	0.857124	0.825281	0.782058	0.726558	0.659147	0.581691	0.497504	
0.516700	0.604135	0.684579	0.754592	0.812233	0.857124	0.890195	0.913243	0.928437	0.937912	0.943502	0.937912	0.928437	0.913243	0.890195	0.857124	0.812233	0.754592	0.684579	0.604135	0.516700	
0.530077	0.619776	0.702303	0.774129	0.833262	0.879315	0.913243	0.936887	0.952475	0.962195	0.967929	0.962195	0.952475	0.936887	0.913243	0.879315	0.833262	0.774129	0.702303	0.619776	0.530077	
0.538897	0.630088	0.713988	0.787008	0.847125	0.893944	0.928437	0.952475	0.968321	0.978204	0.984033	0.978204	0.968321	0.952475	0.928437	0.893944	0.847125	0.787008	0.713988	0.630088	0.538897	
0.544396	0.636518	0.721275	0.795040	0.855771	0.903068	0.937912	0.962195	0.978204	0.988187	0.994076	0.988187	0.978204	0.962195	0.937912	0.903068	0.855771	0.795040	0.721275	0.636518	0.544396	
0.547641	0.640312	0.725573	0.799778	0.860871	0.908450	0.943502	0.967929	0.984033	0.994076	1.000000	0.994076	0.984033	0.967929	0.943502	0.908450	0.860871	0.799778	0.725573	0.640312	0.547641	
0.544396	0.636518	0.721275	0.795040	0.855771	0.903068	0.937912	0.962195	0.978204	0.988187	0.994076	0.988187	0.978204	0.962195	0.937912	0.903068	0.855771	0.795040	0.721275	0.636518	0.544396	
0.538897	0.630088	0.713988	0.787008	0.847125	0.893944	0.928437	0.952475	0.968321	0.978204	0.984033	0.978204	0.968321	0.952475	0.928437	0.893944	0.847125	0.787008	0.713988	0.630088	0.538897	
0.530077	0.619776	0.702303	0.774129	0.833262	0.879315	0.913243	0.936887	0.952475	0.962195	0.967929	0.962195	0.952475	0.936887	0.913243	0.879315	0.833262	0.774129	0.702303	0.619776	0.530077	
0.516700	0.604135	0.684579	0.754592	0.812233	0.857124	0.890195	0.913243	0.928437	0.937912	0.943502	0.937912	0.928437	0.913243	0.890195	0.857124	0.812233	0.754592	0.684579	0.604135	0.516700	
0.497504	0.581691	0.659147	0.726558	0.782058	0.825281	0.857124	0.879315	0.893944	0.903068	0.908450	0.903068	0.893944	0.879315	0.857124	0.825281	0.782058	0.726558	0.659147	0.581691	0.497504	
0.471448	0.551225	0.624625	0.688506	0.741098	0.782058	0.812233	0.833262	0.847125	0.855771	0.860871	0.855771	0.847125	0.833262	0.812233	0.782058	0.741098	0.688506	0.624625	0.551225	0.471448	
0.437991	0.512107	0.580297	0.639645	0.688506	0.726558	0.754592	0.774129	0.787008	0.795040	0.799778	0.795040	0.787008	0.774129	0.754592	0.726558	0.688506	0.639645	0.580297	0.512107	0.437991	
0.397353	0.464593	0.526456	0.580297	0.624625	0.659147	0.684579	0.702303	0.713988	0.721275	0.725573	0.721275	0.713988	0.702303	0.684579	0.659147	0.624625	0.580297	0.526456	0.464593	0.397353	
0.350661	0.409999	0.464593	0.512107	0.551225	0.581691	0.604135	0.619776	0.630088	0.636518	0.640312	0.636518	0.630088	0.619776	0.604135	0.581691	0.551225	0.512107	0.464593	0.409999	0.350661	
0.299910	0.350661	0.397353	0.437991	0.471448	0.497504	0.516700	0.530077	0.538897	0.544396	0.547641	0.544396	0.538897	0.530077	0.516700	0.497504	0.471448	0.437991	0.397353	0.350661	0.299910	
